MSE: 1.3658531389504796
R2:  0.18483365103932292
MAE: 0.8583864095777014
