MSE: 1.8161297067315587
R2:  -0.08389971077927516
MAE: 1.0790095625504654
