MSE: 1.7513911952295458
R2:  -0.04526257289577251
MAE: 1.0417064887127894
