MSE: 1.3902295040385644
R2:  0.17028538668854853
MAE: 0.8232294078919167
