MSE: 1.1155309776619025
R2:  0.33423053454200335
MAE: 0.7054363831918615
