MSE: 1.2475805189523244
R2:  0.25542093240691754
MAE: 0.7748878104009368
