MSE: 1.5761513767937976
R2:  0.059323783362533966
MAE: 0.970531815083275
