MSE: 1.8092366291027455
R2:  -0.07978579489509752
MAE: 1.0115784792983185
