MSE: 1.6534056423247674
R2:  0.013217012598797706
MAE: 0.9802932827991192
