MSE: 1.7015028564848067
R2:  -0.015488292052144415
MAE: 1.0444091658628922
