MSE: 1.6552324423839044
R2:  0.012126744624868846
MAE: 1.0098646771330608
