MSE: 1.8741328928253322
R2:  -0.11851708221386414
MAE: 1.111454155173799
