MSE: 1.621516258544449
R2:  0.03224918509633479
MAE: 1.0229542540081225
