MSE: 1.9564851262605947
R2:  -0.16766641426413376
MAE: 1.1587218237805013
