MSE: 2.6520412295916085
R2:  -0.5827871275242251
MAE: 1.2075230342282817
