MSE: 1.526232628903538
R2:  0.08911621294516037
MAE: 0.9732670838676111
