MSE: 1.5782121090856343
R2:  0.058093900316826264
MAE: 0.9892620497266019
