MSE: 1.6913762777689352
R2:  -0.00944456307142616
MAE: 1.039919141339717
