MSE: 1.6485390782501577
R2:  0.016121467811113677
MAE: 1.013260272872769
