MSE: 1.6547668522688943
R2:  0.012404617394159878
MAE: 1.0010200421703757
