MSE: 1.6104713284585137
R2:  0.03884100311536143
MAE: 1.01004716940935
