MSE: 2.1439107951766427
R2:  -0.27952551087916655
MAE: 1.1755895302266524
