MSE: 1.4880070870497644
R2:  0.11192992146284741
MAE: 0.8401498011247951
