MSE: 1.151273004541567
R2:  0.31289903357379667
MAE: 0.7442158453525246
