MSE: 1.6428887890401358
R2:  0.019493664641473174
MAE: 1.0214599936048658
