MSE: 1.5671309801679647
R2:  0.06470732246638489
MAE: 0.8755763151825526
