MSE: 2.0235331140790422
R2:  -0.20768189021575845
MAE: 1.0778507970334446
