MSE: 1.8758508584465812
R2:  -0.11954239578761294
MAE: 1.0894072603494043
