MSE: 1.2175065695446035
R2:  0.27336962018191324
MAE: 0.7585872237174587
