MSE: 1.3451557126406986
R2:  0.19718625686251656
MAE: 0.786003080503695
