MSE: 1.7748149162428393
R2:  -0.05924228168946599
MAE: 0.9707360079011178
