MSE: 1.6742434968244837
R2:  0.0007805966413985121
MAE: 0.9834921353339598
