MSE: 2.1176187585850634
R2:  -0.26383393843707603
MAE: 1.1348693259295883
