MSE: 1.5372197780425463
R2:  0.08255887966113395
MAE: 0.9926201565596413
