MSE: 1.760574208470234
R2:  -0.050743164595126844
MAE: 1.0130225146394427
