MSE: 1.8508523370463956
R2:  -0.10462281707297683
MAE: 0.9799245121434871
