MSE: 1.8383707026234541
R2:  -0.029146672732852874
MAE: 1.1238334021680798
