MSE: 1.467113860186281
R2:  0.1786883104825977
MAE: 0.9007211595305983
