MSE: 1.392906330700367
R2:  0.22023076541465725
MAE: 0.879867085607179
