MSE: 1.3483675248291027
R2:  0.2451642371048306
MAE: 0.779125278866904
