MSE: 1.522105099446348
R2:  0.1479034144694097
MAE: 0.992417642728627
