MSE: 1.8377454990676747
R2:  -0.02879667468387792
MAE: 1.0921967330703914
