MSE: 1.4426170950549995
R2:  0.1924019560991208
MAE: 0.9421975387393934
