MSE: 1.58684612576248
R2:  0.11166044577573153
MAE: 1.0207388605787657
