MSE: 1.9905203444743707
R2:  -0.1143222564412485
MAE: 1.1305882811926589
