MSE: 1.2612705379738436
R2:  0.2939223978496859
MAE: 0.7701795299297288
