MSE: 1.8133546490150159
R2:  -0.015142321869726638
MAE: 1.0880412153977101
