MSE: 1.893051416505
R2:  -0.05975773212013724
MAE: 1.1602995864089383
