MSE: 1.2385968075492608
R2:  0.30661548210717615
MAE: 0.7823765036813475
