MSE: 1.3879548695663173
R2:  0.22300266541502245
MAE: 0.8511858365743714
