MSE: 1.8286901588108813
R2:  -0.023727363427751058
MAE: 1.1394196169720443
