MSE: 1.4117554919220965
R2:  0.20967873065503817
MAE: 0.8846338775616246
