MSE: 1.887611846133407
R2:  -0.056712581465248935
MAE: 1.1375826087824297
