MSE: 1.8922301584203876
R2:  -0.05929797989278307
MAE: 1.1493705102031062
