MSE: 1.8694061172369838
R2:  -0.04652074948506546
MAE: 1.1032734321793771
