MSE: 1.8027926692431009
R2:  -0.009229571887241494
MAE: 1.0965952020433338
