MSE: 1.4208401775792634
R2:  0.20459299141672516
MAE: 0.7967040256588439
