MSE: 1.8477728481357718
R2:  -0.03441013061800269
MAE: 1.1556262481697426
