MSE: 1.7972831974351067
R2:  -0.0061452893909956785
MAE: 1.0909344526335694
