MSE: 1.4558031894450607
R2:  0.18502018856523483
MAE: 0.7722402947820328
