MSE: 1.432365355793006
R2:  0.19814102892928998
MAE: 0.8319470012289136
