MSE: 1.5827376465073903
R2:  0.05539297610178773
MAE: 1.0147899070094004
