MSE: 2.0605286629506225
R2:  -0.22976151623222396
MAE: 1.161920846727816
