MSE: 3.242659749280074
R2:  -0.9352791551026471
MAE: 1.3630824263529715
