MSE: 1.8375009235927766
R2:  -0.09665444723285321
MAE: 1.0744554181891066
