MSE: 2.046417689220266
R2:  -0.22133982680747866
MAE: 1.150213485998337
