MSE: 4.968893746094416
R2:  -1.965527447914135
MAE: 1.5599663133375166
