MSE: 2.5001000863553706
R2:  -0.4921058504112503
MAE: 1.2004168113831408
