MSE: 1.826697895040811
R2:  -0.09020700051161179
MAE: 1.1249320461667096
